==========
(321,1234)-expansive in Av(2413,3142)
Elapsed Time: 247259
1, 2, 6, 22, 73, 188, 445, 1025, 2349, 5396, 12442, 28778, 66704, 154814,
-----
57 basis elements
2413
3142
13425
14235
23541
24351
24531
25341
32451
34251
42351
51243
51324
51342
51423
52134
52314
52341
53124
124356
124563
126345
132465
132546
132564
132645
145623
156234
213546
213564
213645
214365
214653
215463
215634
216354
216435
216453
231465
231546
231564
231645
234156
243165
312465
312546
312564
312645
324165
341265
345126
412356
413265
421365
423165
451236
456123
==========
(321,1324)-expansive in Av(231)
Elapsed Time: 29246
1, 2, 5, 13, 33, 80, 187, 426, 953, 2104, 4599, 9974, 21493, 46068,
-----
3 basis elements
231
1324
652143
==========
(321,123)-expansive in Av(231)
Elapsed Time: 275
1, 2, 4, 6, 8, 10, 12, 14, 16, 18, 20, 22, 24, 26,
-----
4 basis elements
231
312
1324
2143